000000 0000000000000000000000000
000001 0000000100000000000010100
000010 0000000101111000000010100
000011 0000000100001000000010100
000100 0000000101101000000010100
000101 0000000100010000000010100
000110 0000000100011000000010100
000111 0000000100100000000010100
001000 0000000100101000000010000
001001 0000000100111000000010100
001010 0000000100110000000010100
001011 0000000100000000000010100
001100 0000000100000000000010100
001101 0000000100001000000010100
001110 0000000100001000000010100
001111 0000000101000000000010100
010000 0000000101010000000010100
010001 0000000101100000000010100
010010 0000000101000000000010100
010011 0000000101010001000000000
010100 0000000101100000000010100
010101 0000000100100000000010100
010110 0000000100101000000010100
010111 0000000100110000000010100
011000 0000000100111000000010100
011001 0000000101011000000010100
011010 0000000000000001000000100
011011 0000000000000100000000100
011100 0100000000000000000000011
011101 0100000000000000000000011
011110 0100000000000000000000011
011111 0110000000000010000000111
100000 0110000000000010000000111
100001 0110000000000010000000111
100010 0000000010000010000001010
100011 0000000010000011000001011
100100 0001000000000000000000100
100101 0000000000000001000000100
100110 0100010010000000000000011
100111 0100010000000000000000001
101000 0100110010000000000000001
101001 0100110000000000000000001
101010 0100010000000000000000011
101011 0100110000000000000000011
101100 0000000101001000000010100
101101 0000000000000100000000101
101110 0000000000000000000000000
101111 0000000000000000000000011
110000 0000000000000010000001111
110001 0000000000000000000000000
110010 0000000101110000000010100
110011 0000000000000000000000000
110100 0000000000000000000000000
110101 0000000000000000000000000
110110 0000000000000000000000000
110111 0000000000000000000000000
111000 0000000000000000000000000
111001 0000000000000000000000000
111010 0000000000000000000000000
111011 0000000000000000000000000
111100 0000000000000000000000000
111101 0000000000000000000000000
111110 0000000000000000000000000
111111 0000010000000000000000010
