000000 00000000000000000000000
000001 00000000000010000110000
000010 00000000000010000110000
000011 00000000000010000110000
000100 00000000000010000110000
000101 00000000000010000110000
000110 00000000000010000110000
000111 00000000000010000110000
001000 00000000000010000110000
001001 00000000000010000110000
001010 00000000000010000110000
001011 00100000000010001110000
001100 01000000100110010010000
001101 00100000000010001110000
001110 01000000100110010110000
001111 01000000100110001110000
010000 01000000100110001110000
010001 01000000100110010110000
010010 01000000000010000110000
010011 00000000000010000110000
010100 00000000000010000110000
010101 00110000011010001110000
010110 00110000011010001110000
010111 00110000011010001110000
011000 00110000011010001110000
011001 00000000100110000010000
011010 00000000100110000010000
011011 01000000000111000010000
011100 00011010010010110011000
011101 01000000000011001011000
011110 00000001100010000011000
011111 00011010110000001111000
100000 01000000110000010111000
100001 00000001110000000111000
100010 00110011100000000110000
100011 10100001100111100000000
100100 00110000011010001010000
100101 00000011100110000010101
100110 00000101000000110011000
100111 00000101000000110011000
101000 00010101010000110011000
101001 00010101010000101011000
101010 00000000101000000010000
101011 00000000100000000010000
101100 00000001100110000110000
101101 00000000100000000010000
101110 00000000000000000000000
101111 00000010100010000010000
110000 00000010100000000110000
110001 00000000000000000000000
110010 00000000000010000110000
110011 00000000000000000000000
110100 00000000000000000000000
110101 00000000000000000000000
110110 00000000000000000000000
110111 00000000000000000000000
111000 00000000000000000000000
111001 00000000000000000000000
111010 00000000000000000000000
111011 00000000000000000000000
111100 00000000000000000000000
111101 00000000000000000000000
111110 00000000000000000000000
111111 01000001000000000000000
